1305031102.175304 1.0 0.0 0.0 0.0 0.0 1.0 0.0 0.0 0.0 0.0 1.0 0.0
1305031102.211214 0.9999756813049316 0.003233182244002819 -0.006181669421494007 -0.001338717876933515 -0.00321145448833704 0.9999886155128479 0.0035215760581195354 0.008646019734442234 0.006192984990775585 -0.0035016383044421673 0.9999746680259705 0.010805021971464157
1305031102.275326 0.9998480677604675 0.001849328400567174 -0.017332643270492554 -0.0030302167870104313 -0.0013913330622017384 0.9996505379676819 0.02639876678586006 0.008621099404990673 0.017375405877828598 -0.026370640844106674 0.9995012283325195 0.03504873067140579
1305031102.311267 0.9997536540031433 0.001123646623454988 -0.022165518254041672 -0.00251801242120564 -0.00033430024632252753 0.9993666410446167 0.03558306768536568 0.007388358470052481 0.02219146303832531 -0.035566892474889755 0.9991208910942078 0.04865087568759918
1305031102.343233 0.9996659159660339 -0.0029016551561653614 -0.025682998821139336 -0.0028261682018637657 0.003919018432497978 0.9992058873176575 0.039651066064834595 0.00803835317492485 0.02554754912853241 -0.03973847255110741 0.9988834857940674 0.060079701244831085
1305031102.375329 0.9995774626731873 -0.002508641453459859 -0.028959112241864204 -0.004145572893321514 0.0037598120979964733 0.9990580081939697 0.04323147237300873 0.009362424723803997 0.028823381289839745 -0.043322086334228516 0.9986453056335449 0.07190614193677902
1305031102.411258 0.9994624257087708 -0.0003805749292951077 -0.032783392816782 -0.0073164161294698715 0.0018621053313836455 0.9989774227142334 0.04517282545566559 0.013403836637735367 0.032732680439949036 -0.04520959034562111 0.9984411001205444 0.08269897103309631
1305031102.443271 0.9991528987884521 -0.0009780771797522902 -0.041140131652355194 -0.006139656063169241 0.003159782150760293 0.9985895156860352 0.05299953371286392 0.020141951739788055 0.041030265390872955 -0.053084634244441986 0.9977467060089111 0.0940098762512207
1305031102.475318 0.9987674355506897 -0.0006429583881981671 -0.04963008314371109 -0.0009213145822286606 0.004021476022899151 0.9976769089698792 0.06800422072410583 0.019761724397540092 0.049471065402030945 -0.06811998784542084 0.9964498281478882 0.10669802129268646
1305031102.511219 0.9988402724266052 0.0021865249145776033 -0.04810096323490143 0.0005629668012261391 0.0015460059512406588 0.9969969987869263 0.0774240642786026 0.02070573717355728 0.04812580347061157 -0.07740860432386398 0.9958374500274658 0.11923617124557495
1305031102.575286 0.9990565776824951 0.009602546691894531 -0.04235624149441719 0.00014351960271596909 -0.005626521538943052 0.9956492185592651 0.09300999343395233 0.01527726836502552 0.04306510090827942 -0.09268391132354736 0.994763970375061 0.14530986547470093
1305031102.611233 0.9993377327919006 0.007732269819825888 -0.03555703163146973 -0.0018439190462231636 -0.004587780684232712 0.9961379766464233 0.08768068253993988 0.014003006741404533 0.036097679287195206 -0.0874594897031784 0.995513916015625 0.15805406868457794
1305031102.675285 0.999405562877655 0.0039153508841991425 -0.03425145521759987 -0.008097382262349129 -0.0010429031681269407 0.9965085983276367 0.08348248898983002 0.024127978831529617 0.03445872664451599 -0.08339715003967285 0.9959205389022827 0.17986063659191132
1305031102.711263 0.99936842918396 0.0011582967126742005 -0.03552008792757988 -0.007875090464949608 0.0019174194894731045 0.99625563621521 0.08643467724323273 0.02319605089724064 0.035487204790115356 -0.08644818514585495 0.9956241846084595 0.19356542825698853
1305031102.743234 0.9993404150009155 -0.0021364360582083464 -0.03625277429819107 -0.007850615307688713 0.005202131345868111 0.9963943958282471 0.08468224108219147 0.0313677154481411 0.035941146314144135 -0.08481497317552567 0.9957483410835266 0.20513916015625
1305031102.775472 0.9993753433227539 0.0012373932404443622 -0.035316791385412216 -0.004065744578838348 0.0018973052501678467 0.9960664510726929 0.08858807384967804 0.032809674739837646 0.03528749942779541 -0.08859973400831223 0.9954420328140259 0.2183147817850113
1305031102.811232 0.9996016621589661 0.0028952599968761206 -0.028071843087673187 -0.0058203767985105515 -0.0003784222644753754 0.9960090517997742 0.08925080299377441 0.03730752691626549 0.028218217194080353 -0.08920462429523468 0.9956135153770447 0.23063218593597412
1305031102.84329 0.9997417330741882 0.005001795943826437 -0.02216535061597824 -0.004749424755573273 -0.0029092272743582726 0.9956194162368774 0.09345259517431259 0.03751860558986664 0.022535687312483788 -0.09336397051811218 0.9953770041465759 0.24411022663116455
1305031102.875363 0.9998717308044434 0.009269562549889088 -0.013055192306637764 -0.009101245552301407 -0.008032409474253654 0.9957431554794312 0.09181995689868927 0.04001603275537491 0.013850750401616096 -0.09170329570770264 0.995690107345581 0.2558196783065796
1305031102.911185 0.9998868703842163 0.011586838401854038 -0.009590059518814087 -0.009941229596734047 -0.010675361379981041 0.995868444442749 0.09017804265022278 0.04372061416506767 0.010595317929983139 -0.09006544947624207 0.9958794713020325 0.2675997018814087
1305031102.975203 0.9997755289077759 0.015185256488621235 -0.014771128073334694 -0.023538576439023018 -0.013772483915090561 0.9957146048545837 0.0914480984210968 0.04872259497642517 0.01609649509191513 -0.09122411906719208 0.9957002997398376 0.28855782747268677
1305031103.011215 0.9995731711387634 0.009712914936244488 -0.0275531355291605 -0.023291530087590218 -0.007097824010998011 0.9955968856811523 0.09346866607666016 0.051662903279066086 0.028339672833681107 -0.09323319047689438 0.9952409863471985 0.2984108328819275
1305031103.043227 0.9991769194602966 0.004966892302036285 -0.0402565561234951 -0.023545369505882263 -0.0010766277555376291 0.9953722953796387 0.09608783572912216 0.05545603483915329 0.04054751992225647 -0.09596540778875351 0.9945585131645203 0.3104464113712311
1305031103.075319 0.9987878203392029 0.0011474216589704156 -0.04920937120914459 -0.018927106633782387 0.003583301790058613 0.9953808188438416 0.09593865275382996 0.05566762015223503 0.04909215122461319 -0.09599866718053818 0.9941701889038086 0.3213394582271576
1305031103.11124 0.9988507628440857 -0.0011319497134536505 -0.04791438579559326 -0.020273827016353607 0.005484257824718952 0.9958539009094238 0.09080151468515396 0.06317836046218872 0.047612953931093216 -0.09095991402864456 0.994715690612793 0.32911592721939087
1305031103.143318 0.9986510872840881 -0.005255857948213816 -0.05165548995137215 -0.01722528785467148 0.010116741061210632 0.9954927563667297 0.0942964032292366 0.06477399170398712 0.0509270541369915 -0.09469179064035416 0.9942031502723694 0.33771181106567383
1305031103.175452 0.9988418817520142 -0.006229056045413017 -0.047709040343761444 -0.018576059490442276 0.010662336833775043 0.9955865144729614 0.09324067085981369 0.07084652781486511 0.04691768437623978 -0.09364137798547745 0.9944998621940613 0.345106840133667
1305031103.243216 0.9986473917961121 -0.01719922572374344 -0.049066174775362015 -0.018824327737092972 0.022725166752934456 0.993176281452179 0.11438773572444916 0.08021374046802521 0.04676397889852524 -0.11534805595874786 0.9922237396240234 0.36088240146636963
1305031103.27537 0.9985634684562683 -0.02039189822971821 -0.04954877495765686 -0.025913318619132042 0.026728957891464233 0.9910476803779602 0.13080476224422455 0.0816953182220459 0.04643785208463669 -0.13194125890731812 0.9901692271232605 0.36537256836891174
1305031103.31121 0.9975376129150391 -0.019080527126789093 -0.06748738884925842 -0.026805603876709938 0.028701964765787125 0.9890725612640381 0.14460867643356323 0.07832875847816467 0.06399072706699371 -0.1461896449327469 0.9871847629547119 0.37274643778800964
1305031103.343223 0.9963776469230652 -0.019742537289857864 -0.08271551877260208 -0.01745579019188881 0.03191190958023071 0.9883981347084045 0.1484948694705963 0.07763268053531647 0.07882420718669891 -0.15059655904769897 0.9854477643966675 0.3739423453807831
1305031103.375327 0.9964661598205566 -0.022971374914050102 -0.08079326152801514 -0.01614832505583763 0.03545467182993889 0.9870176911354065 0.15664958953857422 0.0759887546300888 0.07614591717720032 -0.1589605063199997 0.9843441843986511 0.37483441829681396
1305031103.41126 0.9965479373931885 -0.024783501401543617 -0.07923362404108047 -0.01741381734609604 0.037403419613838196 0.9860818982124329 0.1619986593723297 0.07125204056501389 0.07411595433950424 -0.1644030660390854 0.9836047887802124 0.37478649616241455
1305031103.44328 0.9963853359222412 -0.023795418441295624 -0.08154824376106262 -0.019796015694737434 0.03683840110898018 0.986039936542511 0.16238254308700562 0.06873156875371933 0.07654587924480438 -0.16479969024658203 0.9833523631095886 0.3702864944934845
1305031103.475274 0.9959670901298523 -0.019141683354973793 -0.08765377849340439 -0.018437527120113373 0.033270277082920074 0.9861165285110474 0.16268743574619293 0.06491988152265549 0.08332271873950958 -0.16494759917259216 0.9827765226364136 0.3661227226257324
1305031103.511333 0.9957932829856873 -0.014610083773732185 -0.090455561876297 -0.017727291211485863 0.028996659442782402 0.9867164492607117 0.1598428338766098 0.05931469425559044 0.0869186669588089 -0.16179333627223969 0.9829893708229065 0.35991495847702026
1305031103.543444 0.9957212209701538 -0.010171844623982906 -0.0918462872505188 -0.017818551510572433 0.024135557934641838 0.9880499839782715 0.1522325873374939 0.05488532409071922 0.08920023590326309 -0.15379798412322998 0.9840678572654724 0.352143257856369
1305031103.575474 0.9956364035606384 -0.011161506175994873 -0.09264657646417618 -0.019782470539212227 0.024360517039895058 0.9894826412200928 0.14258603751659393 0.053048890084028244 0.09008067846298218 -0.14422078430652618 0.9854369759559631 0.34182506799697876
1305031103.611223 0.9949244856834412 -0.013849563896656036 -0.09966690093278885 -0.019652271643280983 0.027756186202168465 0.9898286461830139 0.13953092694282532 0.04747709631919861 0.09672071039676666 -0.14158909022808075 0.9851891398429871 0.3319739103317261
1305031103.643445 0.9941536784172058 -0.014194944873452187 -0.10703626275062561 -0.019638337194919586 0.028591817244887352 0.9905419945716858 0.13419727981090546 0.04298542067408562 0.10411899536848068 -0.13647308945655823 0.9851570725440979 0.32120758295059204
1305031103.675523 0.9934264421463013 -0.015127181075513363 -0.11346795409917831 -0.01656140573322773 0.02982967346906662 0.9911932945251465 0.12901991605758667 0.03903243690729141 0.1105169877409935 -0.13155652582645416 0.9851289391517639 0.30955711007118225
1305031103.71161 0.9931407570838928 -0.015167123638093472 -0.11593696475028992 -0.014568991959095001 0.029595397412776947 0.9918705821037292 0.12376188486814499 0.03585706651210785 0.11311735957860947 -0.12634418904781342 0.9855158925056458 0.29734334349632263
1305031103.743326 0.9932038187980652 -0.012927628122270107 -0.1156679093837738 -0.012772852554917336 0.026993809267878532 0.9922996759414673 0.12088292092084885 0.028791606426239014 0.11321450024843216 -0.12318368256092072 0.9859048128128052 0.2851450443267822
1305031103.775342 0.9934811592102051 -0.007210511714220047 -0.11376772075891495 -0.012296650558710098 0.020211750641465187 0.9933274388313293 0.11354358494281769 0.027300048619508743 0.1121898964047432 -0.1151028648018837 0.9869979023933411 0.2702206075191498
1305031103.811242 0.9936249852180481 -0.0014979764819145203 -0.1127254068851471 -0.010430475696921349 0.014227168634533882 0.9935835003852844 0.11220280081033707 0.02741045504808426 0.11183402687311172 -0.11309127509593964 0.9872707724571228 0.2562423050403595
1305031103.843251 0.9938830733299255 0.003221598220989108 -0.11039036512374878 -0.013180959038436413 0.009803321212530136 0.9930547475814819 0.11724373698234558 0.02734627015888691 0.11000140011310577 -0.11760874092578888 0.9869487881660461 0.24148733913898468
1305031103.875361 0.9933439493179321 0.012180660851299763 -0.1145404502749443 -0.014785852283239365 0.0035644329618662596 0.9906661510467529 0.13626344501972198 0.01407918892800808 0.11513113230466843 -0.1357647329568863 0.9840289354324341 0.2325408011674881
1305031103.911221 0.9924654364585876 0.015616567805409431 -0.12152643501758575 -0.013963810168206692 0.001024484634399414 0.9907518625259399 0.13568168878555298 0.00732569582760334 0.12252141535282135 -0.13478384912014008 0.9832710027694702 0.21933233737945557
1305031103.943211 0.9916725158691406 0.016710877418518066 -0.12769657373428345 -0.011475066654384136 0.0001454511657357216 0.9913997650146484 0.130868062376976 0.004945110529661179 0.12878525257110596 -0.1297968029975891 0.9831415414810181 0.20385423302650452
1305031103.975373 0.9909837245941162 0.019024711102247238 -0.13262444734573364 -0.00823063775897026 -0.0017459681257605553 0.9916170239448547 0.12919941544532776 -0.0018897559493780136 0.13397064805030823 -0.12780295312404633 0.9827097058296204 0.19062498211860657
1305031104.011232 0.9906569123268127 0.021038908511400223 -0.13474589586257935 -0.0034047719091176987 -0.0043609593994915485 0.9924106597900391 0.12289073318243027 -0.008681133389472961 0.13630874454975128 -0.12115491926670074 0.9832302331924438 0.17836928367614746
1305031104.043249 0.9913848042488098 0.023580625653266907 -0.12884168326854706 -0.0005667433142662048 -0.009557983838021755 0.994062602519989 0.10838861763477325 -0.011320099234580994 0.13063262403011322 -0.10622337460517883 0.9857239723205566 0.1617497354745865
1305031104.075425 0.9924027323722839 0.028427578508853912 -0.11970219016075134 0.0015142448246479034 -0.016442198306322098 0.9948566555976868 0.09994872659444809 -0.011832751333713531 0.12192782759666443 -0.09722123295068741 0.9877660274505615 0.14600248634815216
1305031104.111235 0.993359386920929 0.02960892580449581 -0.11117752641439438 0.00710679404437542 -0.018922727555036545 0.9952041506767273 0.09597130864858627 -0.01844746619462967 0.11348599195480347 -0.0932302325963974 0.9891557097434998 0.13435138761997223
1305031104.14323 0.9947235584259033 0.03132578358054161 -0.09769213199615479 0.005094124004244804 -0.022755639627575874 0.995892345905304 0.08763794600963593 -0.023912260308861732 0.10003620386123657 -0.08495248109102249 0.991350531578064 0.11860115081071854
1305031104.175424 0.9953379034996033 0.03201796114444733 -0.09098008275032043 0.004738697782158852 -0.02490996941924095 0.9966251850128174 0.07821565866470337 -0.025165438652038574 0.09317734837532043 -0.07558471709489822 0.9927764534950256 0.10453157871961594
1305031104.211283 0.9957410097122192 0.0317867174744606 -0.086542509496212 0.005874026101082563 -0.02564355731010437 0.9971327781677246 0.0711931437253952 -0.030070487409830093 0.08855739235877991 -0.06867068260908127 0.9937012195587158 0.0924917459487915
1305031104.243196 0.9961686134338379 0.03150635212659836 -0.08158192783594131 0.005914885550737381 -0.02653256431221962 0.9977635741233826 0.061349160969257355 -0.032058510929346085 0.08333238214254379 -0.058949537575244904 0.9947766661643982 0.0787440836429596
1305031104.275546 0.9964812994003296 0.03255678713321686 -0.0772351399064064 0.007544601336121559 -0.028540924191474915 0.9982107281684875 0.052541352808475494 -0.033810559660196304 0.0788075402379036 -0.05015212297439575 0.9956275224685669 0.06618446111679077
1305031104.311219 0.9969453811645508 0.03258766978979111 -0.07097921520471573 0.00856840517371893 -0.02941259741783142 0.9985389709472656 0.04532744735479355 -0.03592878207564354 0.07235265523195267 -0.04310131445527077 0.9964473843574524 0.054271548986434937
1305031104.343342 0.9973905086517334 0.03196489438414574 -0.06473509222269058 0.01156016904860735 -0.02960687130689621 0.9988741874694824 0.03706328570842743 -0.034014321863651276 0.06584696471691132 -0.03504997491836548 0.9972139596939087 0.04372309893369675
1305031104.375837 0.9980581998825073 0.0321049839258194 -0.053378693759441376 0.009765011258423328 -0.030335476621985435 0.9989736676216125 0.033636175096035004 -0.035951193422079086 0.054403819143772125 -0.03195160627365112 0.9980077147483826 0.030889784917235374
1305031104.411509 0.9985717535018921 0.030156968161463737 -0.04410281032323837 0.006227771285921335 -0.02884698659181595 0.9991322159767151 0.03004392981529236 -0.035716913640499115 0.04497058317065239 -0.0287287849932909 0.9985751509666443 0.022027332335710526
1305031104.443288 0.998807430267334 0.02872447296977043 -0.03947760537266731 0.002154095796868205 -0.027600519359111786 0.9992061853408813 0.028726818040013313 -0.035467881709337234 0.04027143120765686 -0.027602961286902428 0.9988073110580444 0.012502025812864304
1305031104.475456 0.9987883567810059 0.027875712141394615 -0.04055512323975563 -0.001941839000210166 -0.026716578751802444 0.9992266893386841 0.02884835936129093 -0.036291636526584625 0.041327930986881256 -0.027729908004403114 0.9987607598304749 0.002945112297311425
1305031104.511329 0.998591959476471 0.0251843873411417 -0.046688154339790344 -0.0014112087665125728 -0.023847002536058426 0.9992952942848206 0.028984136879444122 -0.04089847579598427 0.047385215759277344 -0.027829954400658607 0.9984889030456543 -0.005464101210236549
1305031104.543368 0.9984423518180847 0.024150382727384567 -0.050295837223529816 -0.0008328202529810369 -0.023006075993180275 0.9994659423828125 0.023207589983940125 -0.04357123374938965 0.0508294478058815 -0.022014331072568893 0.9984647035598755 -0.015447407960891724
1305031104.575343 0.9983376264572144 0.021834077313542366 -0.053340502083301544 0.006315733306109905 -0.021001609042286873 0.9996495246887207 0.016117798164486885 -0.04817306622862816 0.053673725575208664 -0.014970766380429268 0.9984462857246399 -0.023185325786471367
1305031104.611336 0.9987059235572815 0.01646389812231064 -0.048118140548467636 0.015165390446782112 -0.016382068395614624 0.9998636245727539 0.0020944427233189344 -0.05927160382270813 0.04814605414867401 -0.0013034576550126076 0.9988394379615784 -0.030853981152176857
1305031104.643243 0.9993125796318054 0.016947515308856964 -0.03297180309891701 0.01624641939997673 -0.017747076228260994 0.9995517730712891 -0.024110352620482445 -0.05661259964108467 0.032548412680625916 0.024678930640220642 0.9991654753684998 -0.04230066388845444
1305031104.675525 0.9997273087501526 0.01437064353376627 -0.018403980880975723 0.01902082934975624 -0.01517474465072155 0.998901903629303 -0.044324327260255814 -0.0622263103723526 0.01774679683148861 0.0445915125310421 0.9988477230072021 -0.05123824253678322
1305031104.711277 0.9999508857727051 0.009546535089612007 -0.0026954375207424164 0.01837361790239811 -0.00971805676817894 0.9972773194313049 -0.07309865951538086 -0.06186997890472412 0.00199025496840477 0.07312125712633133 0.9973210692405701 -0.06134770065546036
1305031104.74328 0.9999276995658875 0.00635956646874547 0.010211348533630371 0.021544113755226135 -0.005309716798365116 0.994999885559082 -0.09973512589931488 -0.06032929942011833 -0.010794568806886673 0.09967370331287384 0.9949616193771362 -0.07194193452596664
1305031104.775327 0.999727189540863 0.0018326714634895325 0.023289743810892105 0.024359364062547684 0.0010888839606195688 0.9921793341636658 -0.12481574714183807 -0.05729949474334717 -0.023336347192525864 0.12480700761079788 0.9919065833091736 -0.08095275610685349
1305031104.811465 0.99934983253479 -0.002753916662186384 0.03594853729009628 0.026735825464129448 0.008040547370910645 0.9889906048774719 -0.1477590799331665 -0.05266205593943596 -0.03514585644006729 0.14795206487178802 0.9883698225021362 -0.0866987556219101
1305031104.843258 0.9986835718154907 -0.0064874496310949326 0.0508817657828331 0.023930653929710388 0.014825222082436085 0.9861403107643127 -0.16524921357631683 -0.0479416623711586 -0.04910451918840408 0.1657859981060028 0.9849384427070618 -0.09273024648427963
1305031104.87535 0.998248815536499 -0.009424781426787376 0.058400437235832214 0.020771143957972527 0.01962089352309704 0.9840927720069885 -0.176568403840065 -0.04312145709991455 -0.055807337164878845 0.17740507423877716 0.9825543165206909 -0.0995558351278305
1305031104.911534 0.998115062713623 -0.014386510476469994 0.05966147035360336 0.02311744913458824 0.02497532218694687 0.9832137227058411 -0.18074029684066772 -0.04087300971150398 -0.05605974793434143 0.18188965320587158 0.9817196726799011 -0.10065075755119324
1305031104.943262 0.9980311393737793 -0.014661104418337345 0.06098303943872452 0.023231882601976395 0.025635136291384697 0.9827269315719604 -0.1832771897315979 -0.03835601359605789 -0.05724264308810234 0.18447962403297424 0.9811679720878601 -0.10077798366546631
1305031104.975202 0.998132050037384 -0.017710208892822266 0.058469612151384354 0.024311119690537453 0.02821883000433445 0.9824970960617065 -0.18412788212299347 -0.029270995408296585 -0.05418528616428375 0.18543389439582825 0.9811617136001587 -0.09615107625722885
1305031105.01129 0.9981772303581238 -0.01829550415277481 0.05751163139939308 0.024456564337015152 0.028111504390835762 0.9842000603675842 -0.17481380701065063 -0.027380459010601044 -0.05340464785695076 0.17611189186573029 0.9829204082489014 -0.09101541340351105
1305031105.043373 0.9983207583427429 -0.015648821368813515 0.05577501654624939 0.023924749344587326 0.024587510153651237 0.9862569570541382 -0.16337893903255463 -0.025680888444185257 -0.05245181918144226 0.1644759476184845 0.9849855303764343 -0.08326847106218338
1305031105.07532 0.9984670877456665 -0.01270734891295433 0.05387241393327713 0.023318178951740265 0.020660843700170517 0.988506555557251 -0.14975887537002563 -0.02436918020248413 -0.05135020613670349 0.15064235031604767 0.9872537851333618 -0.07324528694152832
1305031105.111299 0.9985199570655823 -0.0087416497990489 0.05367918312549591 0.018484892323613167 0.01607261784374714 0.9903436303138733 -0.1376994252204895 -0.026415107771754265 -0.05195711925625801 0.13835839927196503 0.989018440246582 -0.06193242967128754
1305031105.143106 0.998778223991394 -0.006555124651640654 0.04898163676261902 0.01461569033563137 0.01295202411711216 0.991238534450531 -0.13144734501838684 -0.012381305918097496 -0.04769083857536316 0.13192115724086761 0.9901123642921448 -0.04779300093650818
1305031105.175159 0.9991673827171326 -0.0012885237811133265 0.04077928885817528 0.013528332114219666 0.005617122631520033 0.9943276643753052 -0.10621153563261032 -0.008124182000756264 -0.040411122143268585 0.10635217279195786 0.9935069680213928 -0.03500779718160629
1305031105.211268 0.9993753433227539 0.004129597917199135 0.035098716616630554 0.007309567183256149 -0.001372047932818532 0.9969344735145569 -0.07822930812835693 -0.016852030530571938 -0.035314179956912994 0.0781322717666626 0.9963173866271973 -0.02226509526371956
1305031105.24327 0.9995839595794678 0.0077187297865748405 0.02779195085167885 -0.00024048532941378653 -0.00593633484095335 0.9979543089866638 -0.06365421414375305 -0.012797355651855469 -0.028226427733898163 0.0634627491235733 0.9975849986076355 -0.011085501872003078
1305031105.275288 0.9997863173484802 0.010749130509793758 0.01765618845820427 -0.007358788978308439 -0.00994973722845316 0.9989483952522278 -0.044755592942237854 -0.008096108213067055 -0.01811870187520981 0.044570352882146835 0.9988418817520142 0.0040705096907913685
1305031105.31129 0.9998989701271057 0.013324098661541939 0.004961572587490082 -0.012600364163517952 -0.013215763494372368 0.999686598777771 -0.021262671798467636 -0.012988772243261337 -0.005243320018053055 0.021194949746131897 0.9997616410255432 0.016046544536948204
1305031105.343302 0.999850869178772 0.014117180369794369 -0.009954459965229034 -0.010640475898981094 -0.014150181785225868 0.9998945593833923 -0.003252105787396431 -0.015866605564951897 0.009907510131597519 0.0033924784511327744 0.9999451637268066 0.031155308708548546
1305031105.375338 0.9997077584266663 0.014653827995061874 -0.019231731072068214 -0.01274300366640091 -0.014575669541954994 0.9998849630355835 0.004198169335722923 -0.016679449006915092 0.019291043281555176 -0.003916628658771515 0.9998062252998352 0.045215073972940445
1305031105.411286 0.9994670152664185 0.015198484063148499 -0.028888404369354248 -0.013704820536077023 -0.014840690419077873 0.9998109936714172 0.012559724971652031 -0.009451152756810188 0.02907383441925049 -0.012124307453632355 0.9995037317276001 0.05807953700423241
1305031105.443316 0.9991421699523926 0.016834445297718048 -0.037836428731679916 -0.013701624237000942 -0.015745507553219795 0.999458372592926 0.02889619953930378 -0.013835052028298378 0.03830238804221153 -0.02827565371990204 0.998866081237793 0.07375382632017136
1305031105.47528 0.9988448619842529 0.016715586185455322 -0.04505087807774544 -0.013801248744130135 -0.015120468102395535 0.9992547631263733 0.03551817312836647 -0.01229562796652317 0.04561100900173187 -0.03479595482349396 0.998353123664856 0.08728351444005966
1305031105.511332 0.9985026717185974 0.016049839556217194 -0.05229496210813522 -0.011559506878256798 -0.013772747479379177 0.9989534020423889 0.04361638426780701 -0.008904466405510902 0.05294027179479599 -0.04283082112669945 0.9976786971092224 0.10106638073921204
1305031105.543282 0.9984680414199829 0.014256500639021397 -0.053465336561203 -0.012353979982435703 -0.01137651689350605 0.9984874725341797 0.05378906428813934 -0.011488204821944237 0.05415131151676178 -0.0530984029173851 0.9971200823783875 0.11555050313472748
1305031105.575449 0.99835205078125 0.014725307933986187 -0.055466413497924805 -0.013949384912848473 -0.011485215276479721 0.9982337355613708 0.05828768387436867 -0.008683807216584682 0.05622674897313118 -0.05755459517240524 0.9967578053474426 0.12896239757537842
1305031105.611378 0.9982166886329651 0.013481981121003628 -0.05815078690648079 -0.012850088067352772 -0.009634923189878464 0.9977772831916809 0.06593666970729828 -0.011383483186364174 0.05891048163175583 -0.06525883823633194 0.9961279630661011 0.14411918818950653
1305031105.643273 0.9983012676239014 0.008082079701125622 -0.05769995599985123 -0.015057845041155815 -0.0042562708258628845 0.9978023767471313 0.06612266600131989 -0.008941133506596088 0.05810756981372833 -0.06576476246118546 0.9961418509483337 0.15832987427711487
1305031105.711309 0.9982647895812988 0.008208727464079857 -0.05830954760313034 -0.009399918839335442 -0.004156339447945356 0.9975884556770325 0.0692819356918335 -0.008616995066404343 0.05873766541481018 -0.06891938298940659 0.9958915710449219 0.18704228103160858
1305031105.743312 0.9986831545829773 0.005718060303479433 -0.05098368227481842 -0.008899231441318989 -0.0025065168738365173 0.9980207681655884 0.06283433735370636 -0.0011351965367794037 0.05124206095933914 -0.06262380629777908 0.9967209696769714 0.20060978829860687
1305031105.775339 0.9989949464797974 0.004931825213134289 -0.04455104470252991 -0.0047069755382835865 -0.001938271219842136 0.9977518320083618 0.06698866933584213 -0.003525341860949993 0.04478127136826515 -0.06683498620986938 0.9967585802078247 0.21562659740447998
1305031105.811283 0.9994048476219177 0.002399689517915249 -0.03441299498081207 -0.0053092241287231445 -0.00022313551744446158 0.998006284236908 0.06311289966106415 -0.00044289883226156235 0.034495845437049866 -0.06306765228509903 0.9974128603935242 0.23100119829177856
1305031105.843271 0.9996092915534973 0.0006282255053520203 -0.02794448472559452 -0.0033947620540857315 0.0010504006640985608 0.9981969594955444 0.06001482903957367 0.0018412480130791664 0.027931805700063705 -0.06002074107527733 0.997806191444397 0.24450910091400146
1305031105.875337 0.999796450138092 -0.005092501174658537 -0.019524430856108665 -0.0009088297374546528 0.006180493161082268 0.9984073042869568 0.05607566982507706 0.009697359055280685 0.019207775592803955 -0.05618491768836975 0.9982355833053589 0.25829261541366577
1305031105.911262 0.9998317956924438 -0.014238071627914906 -0.011552833020687103 -0.0011089588515460491 0.014915866777300835 0.998033881187439 0.06087541580200195 0.013586720451712608 0.010663378983736038 -0.06103750318288803 0.998078465461731 0.27189287543296814
1305031105.943272 0.9998272657394409 -0.01825798861682415 -0.003503788262605667 -0.002649996429681778 0.018442757427692413 0.9978370070457458 0.06309513002634048 0.02049022912979126 0.002344224601984024 -0.06314884126186371 0.9980012774467468 0.2837483584880829
1305031105.975329 0.9997596144676208 -0.021915186196565628 -0.0006320849061012268 -0.0017288001254200935 0.02190421149134636 0.9971946477890015 0.07157451659440994 0.024792306125164032 -0.0009382590651512146 -0.07157114893198013 0.9974350333213806 0.2968417704105377
1305031106.011285 0.9996619820594788 -0.025929894298315048 0.0018969208467751741 -2.7380534447729588e-05 0.02570405602455139 0.9966423511505127 0.07773824781179428 0.03022446483373642 -0.003906295169144869 -0.07766321301460266 0.9969720244407654 0.30820685625076294
1305031106.043355 0.9995838403701782 -0.02783561497926712 0.007567672058939934 -0.002313680946826935 0.02707510069012642 0.9958612322807312 0.08676031231880188 0.033711858093738556 -0.009951377287507057 -0.08651931583881378 0.9962005019187927 0.3203754425048828
1305031106.07533 0.999456524848938 -0.03162581846117973 0.009292318485677242 -0.0035861944779753685 0.030609700828790665 0.9950680732727051 0.09435400366783142 0.03760290518403053 -0.012230508960783482 -0.09401829540729523 0.9954953193664551 0.3320057988166809
1305031106.111327 0.9994012117385864 -0.03346797078847885 0.008772123605012894 -0.004714518319815397 0.03239920735359192 0.9942466616630554 0.10209673643112183 0.044686757028102875 -0.012138625606894493 -0.10175138711929321 0.9947357773780823 0.3426724970340729
1305031106.143355 0.9993059039115906 -0.036578647792339325 0.007055816240608692 -0.007673806045204401 0.03551706299185753 0.992638885974884 0.11578721553087234 0.046887028962373734 -0.011239217594265938 -0.1154562383890152 0.9932489991188049 0.35393914580345154
1305031106.175534 0.9992401003837585 -0.03880031034350395 0.003693321952596307 -0.008545363321900368 0.03804263845086098 0.9915401935577393 0.12409968674182892 0.04854697361588478 -0.008477184921503067 -0.12386488914489746 0.9922628402709961 0.36397576332092285
1305031106.211275 0.9992098212242126 -0.039725176990032196 0.0013137167552486062 -0.010055549442768097 0.039200302213430405 0.9903929829597473 0.1326085925102234 0.047631677240133286 -0.006568994838744402 -0.13245227932929993 0.9911676049232483 0.37341734766960144
1305031106.243267 0.9989262223243713 -0.04632916301488876 -0.00011448562145233154 -0.012412291951477528 0.04594311863183975 0.9902779459953308 0.13129588961601257 0.05138232186436653 -0.0059694573283195496 -0.131160169839859 0.9913432002067566 0.3810425400733948
1305031106.276385 0.9988002777099609 -0.04875531792640686 -0.004564981907606125 -0.012560360133647919 0.048929814249277115 0.9899561405181885 0.13263732194900513 0.0564492903649807 -0.001947648823261261 -0.132701575756073 0.9911540746688843 0.3874033987522125
1305031106.311238 0.9984381794929504 -0.0551736056804657 -0.008768822997808456 -0.012133428826928139 0.05585676059126854 0.9887655377388 0.13864630460739136 0.060548413544893265 0.0010206922888755798 -0.13891959190368652 0.990303099155426 0.3927159011363983
1305031106.343258 0.9984313249588013 -0.05499685928225517 -0.010498522780835629 -0.013673782348632812 0.05593715235590935 0.9879382252693176 0.14439234137535095 0.0682554543018341 0.0024307668209075928 -0.144753098487854 0.9894648194313049 0.3955898880958557
1305031106.375388 0.9990798830986023 -0.04063800722360611 -0.013709553517401218 -0.008870373480021954 0.04231805354356766 0.9860259890556335 0.16112709045410156 0.07025647908449173 0.006970093119889498 -0.16155898571014404 0.9868384003639221 0.39809268712997437
1305031106.41132 0.9995351433753967 -0.030406611040234566 -0.0022155465558171272 -0.008411681279540062 0.030308974906802177 0.9832172393798828 0.17990347743034363 0.06191198527812958 -0.0032918904908001423 -0.17988699674606323 0.9836817383766174 0.40003201365470886
1305031106.443278 0.9997000098228455 -0.023036783561110497 0.008321687579154968 -0.012088384479284286 0.02111903205513954 0.9827831983566284 0.18355190753936768 0.05802726373076439 -0.01240686234086752 -0.18332111835479736 0.9829747676849365 0.3988238573074341
1305031106.475345 0.9997542500495911 -0.019460933282971382 0.010618789121508598 -0.016429100185632706 0.017185542732477188 0.9828996658325195 0.18333789706230164 0.0556148998439312 -0.014005132019519806 -0.1831103414297104 0.9829925298690796 0.39503827691078186
1305031106.511129 0.9998213648796082 -0.01865101046860218 0.003032756969332695 -0.01671566814184189 0.017788570374250412 0.983161985874176 0.18186885118484497 0.05057237297296524 -0.00637372862547636 -0.18178245425224304 0.9833180904388428 0.3896300494670868
1305031106.543302 0.9998533725738525 -0.016047358512878418 -0.005977698601782322 -0.015087009407579899 0.01684790663421154 0.9843143820762634 0.17561793327331543 0.04793548211455345 0.003065730445086956 -0.17569291591644287 0.9844402074813843 0.38028961420059204
1305031106.575282 0.9998563528060913 -0.014001396484673023 -0.009561145678162575 -0.01478812750428915 0.015417811460793018 0.9854608178138733 0.16920268535614014 0.04583737999200821 0.00705305952578783 -0.1693257838487625 0.9855348467826843 0.3703409433364868
1305031106.611151 0.9998869895935059 -0.006679017096757889 -0.013462422415614128 -0.017367985099554062 0.008840322494506836 0.9858328104019165 0.16749829053878784 0.04468753933906555 0.012152970768511295 -0.16759838163852692 0.9857804179191589 0.3585732877254486
1305031106.643207 0.9997850656509399 -0.0019197016954421997 -0.02064298465847969 -0.0152662955224514 0.005423772148787975 0.9852453470230103 0.17106200754642487 0.0368233397603035 0.02001001685857773 -0.17113716900348663 0.9850439429283142 0.34778541326522827
1305031106.675279 0.9997405409812927 -0.000656591379083693 -0.022767966613173485 -0.019987886771559715 0.004367603920400143 0.9865617156028748 0.16333064436912537 0.03769531473517418 0.022354761138558388 -0.1633877158164978 0.9863086342811584 0.33439314365386963
1305031106.711508 0.999428391456604 0.001987101975828409 -0.033745452761650085 -0.020938951522111893 0.0037369325291365385 0.9856575727462769 0.16871607303619385 0.03222247213125229 0.033596716821193695 -0.1687457412481308 0.9850868582725525 0.32242900133132935
1305031106.743341 0.9989266991615295 0.0007694805972278118 -0.046312227845191956 -0.021693581715226173 0.006914420984685421 0.9861812591552734 0.16552531719207764 0.02849123813211918 0.045799627900123596 -0.16566786170005798 0.985117495059967 0.3066087067127228
1305031106.77539 0.9982538819313049 0.00270642782561481 -0.05900607258081436 -0.019870415329933167 0.007114781998097897 0.9861674904823303 0.16559910774230957 0.023591408506035805 0.058638058602809906 -0.16572973132133484 0.9844263792037964 0.2910917401313782
1305031106.811289 0.9976933002471924 0.004470767918974161 -0.06773511320352554 -0.018481740728020668 0.006681966129690409 0.9865149259567261 0.16353456676006317 0.024142958223819733 0.0675528347492218 -0.16360995173454285 0.9842095375061035 0.27560144662857056
1305031106.843416 0.9970294237136841 0.0077767036855220795 -0.07662684470415115 -0.01698131486773491 0.005372529849410057 0.9854440093040466 0.1699153333902359 0.01297513023018837 0.07683286815881729 -0.16982226073741913 0.9824749827384949 0.2617546021938324
1305031106.875905 0.9964861869812012 0.016230519860982895 -0.08217042684555054 -0.01391163095831871 -0.0028719445690512657 0.9870893955230713 0.16014423966407776 0.007247529923915863 0.08370880782604218 -0.15934552252292633 0.9836675524711609 0.24435511231422424
1305031106.911243 0.996587336063385 0.024105213582515717 -0.0789480060338974 -0.014729093760251999 -0.012079937383532524 0.9887041449546814 0.14939206838607788 0.009459836408495903 0.08165737986564636 -0.14792859554290771 0.9856212139129639 0.2249135822057724
1305031106.943439 0.9964304566383362 0.03146296739578247 -0.07833600044250488 -0.012268118560314178 -0.019365699961781502 0.9883973598480225 0.1506502628326416 7.897615432739258e-05 0.08216699957847595 -0.14859546720981598 0.9854786396026611 0.21016868948936462
1305031106.975547 0.9965547323226929 0.03837677463889122 -0.07352542877197266 -0.011990731582045555 -0.027851788327097893 0.989876925945282 0.13916876912117004 -0.0059819407761096954 0.07812200486660004 -0.1366415023803711 0.987535297870636 0.19389058649539948
1305031107.011576 0.9968522191047668 0.04458123445510864 -0.06556205451488495 -0.014181212522089481 -0.036343298852443695 0.9918798804283142 0.1218743696808815 -0.0015835892409086227 0.07046301662921906 -0.11910800635814667 0.9903778433799744 0.17192639410495758
1305031107.043281 0.9969482421875 0.04893426224589348 -0.06082624942064285 -0.013873489573597908 -0.04096725210547447 0.9911905527114868 0.12594805657863617 -0.010144544765353203 0.06645360589027405 -0.1230718195438385 0.9901703000068665 0.1569756120443344
1305031107.075432 0.9970826506614685 0.050571784377098083 -0.05717504024505615 -0.017188459634780884 -0.0436757430434227 0.992286205291748 0.11601864546537399 -0.01460396870970726 0.06260129064321518 -0.11318300664424896 0.9916000962257385 0.1413555145263672
1305031107.111229 0.9969364404678345 0.050113528966903687 -0.06005533039569855 -0.01516855787485838 -0.04354458674788475 0.9934017658233643 0.10609694570302963 -0.015001442283391953 0.06497596949338913 -0.10315682739019394 0.9925406575202942 0.12537100911140442
1305031107.14326 0.9969519376754761 0.04996867850422859 -0.05991653725504875 -0.011876236647367477 -0.04369160532951355 0.9938398599624634 0.10184884071350098 -0.015263890847563744 0.0646366998553276 -0.0989205539226532 0.9929938912391663 0.10986080765724182
1305031107.175399 0.996985673904419 0.05187569558620453 -0.05769294500350952 -0.010069405660033226 -0.04588477313518524 0.99385666847229 0.10071472823619843 -0.023773130029439926 0.06256316602230072 -0.09776391088962555 0.9932412505149841 0.09774185717105865
1305031107.211358 0.9970598816871643 0.05418432503938675 -0.054182637482881546 -0.007274766452610493 -0.04918968677520752 0.9947612285614014 0.08961183577775955 -0.02961861342191696 0.05875434726476669 -0.08668316155672073 0.9945019483566284 0.08410738408565521
1305031107.243378 0.9973487854003906 0.055003102868795395 -0.04764651507139206 -0.006750424392521381 -0.051310714334249496 0.9958226084709167 0.07552821189165115 -0.029293151572346687 0.05160178244113922 -0.07288319617509842 0.9960046410560608 0.06887631118297577
1305031107.275398 0.9976264834403992 0.05423248931765556 -0.04243183135986328 -0.00420809630304575 -0.05142008885741234 0.9965739846229553 0.06477788090705872 -0.03261371701955795 0.04579954594373703 -0.062442291527986526 0.9969971179962158 0.057754095643758774
1305031107.311226 0.9977923035621643 0.05561554431915283 -0.036295849829912186 -0.002398592885583639 -0.053644198924303055 0.9971420764923096 0.05319705232977867 -0.03990597650408745 0.03915071114897728 -0.05113254860043526 0.9979241490364075 0.04798973351716995
1305031107.343509 0.9980713129043579 0.055401261895895004 -0.028008725494146347 -0.00133317441213876 -0.05452829599380493 0.9980300664901733 0.031025849282741547 -0.04387533664703369 0.029672425240278244 -0.029438745230436325 0.9991260766983032 0.03449796512722969
1305031107.375413 0.9983019232749939 0.05464442819356918 -0.020183533430099487 0.0018065462354570627 -0.05443336442112923 0.9984582662582397 0.010862672701478004 -0.0401260182261467 0.020746007561683655 -0.009745566174387932 0.9997372627258301 0.023077014833688736
1305031107.411271 0.998375654220581 0.05568905547261238 -0.012041725218296051 0.004627508576959372 -0.05570705607533455 0.9984464645385742 -0.001165112480521202 -0.04220154136419296 0.011958139017224312 0.001834031194448471 0.9999268054962158 0.01581115461885929
1305031107.443419 0.9984856247901917 0.05487117916345596 -0.003967251628637314 0.007707144599407911 -0.05491936579346657 0.99840247631073 -0.01327841728925705 -0.03935439512133598 0.0032323170453310013 0.013476191088557243 0.9999040365219116 0.008997630327939987
